free_thresh: 0.196
image: enclosure.pgm
negate: 0
occupied_thresh: 0.65
origin: [-19.14999999999999, -15.549999999999997, 0.0]
resolution: 0.05
