free_thresh: 0.196
image: AB.pgm
negate: 0
occupied_thresh: 0.65
origin: [1.1500000000000057, -12.399999999999991, 0.0]
resolution: 0.05
